0.125, 0.125, 0.125, 
0.125, 0.125, 0.125, 
0.125, 0.0, 0.125, 

Grid
0.001315789473684211, 0.013157894736842106, 0.025, 
0.023684210526315794, 0.2368421052631579, 0.45, 
0.2368421052631579, 0.0, 0.013157894736842106, 

Grid
7.692307692307695E-6, 1.4615384615384618E-4, 0.002153846153846154, 
0.0024923076923076934, 0.04735384615384616, 0.6978461538461539, 
0.24923076923076926, 0.0, 7.692307692307693E-4, 

Grid
1.1844053298239845E-6, 2.25037012666557E-5, 1.842408290837309E-5, 
2.1911498601743715E-5, 0.004061918078631354, 0.006135219608488238, 
0.021511169600263204, 0.0, 0.9682276690245106, 

Grid
1.2145131441884553E-7, 2.3075749739580645E-6, 1.0495792604097762E-7, 
1.8555061925101402E-7, 2.3255227793110718E-4, 3.589561070601433E-5, 
0.0012265671871445254, 0.0, 0.9985022653893847, 

Grid
